Partitions:
[array([[116.318726,  40.009014],
       [116.315041,  39.998585],
       [116.313332,  39.985687],
       [116.300819,  39.977249],
       [116.307411,  39.959034],
       [116.320061,  39.956863],
       [116.334541,  39.957516],
       [116.34227 ,  39.958008]]), array([[116.356354,  39.948452],
       [116.353012,  39.958111],
       [116.344582,  39.958138]]), array([[116.334274,  39.969093],
       [116.333527,  39.983753],
       [116.332275,  39.992329],
       [116.332909,  39.990627],
       [116.343765,  39.986305],
       [116.353218,  39.970886],
       [116.356224,  39.944725],
       [116.361778,  39.932247],
       [116.36734 ,  39.932316]]), array([[116.343887,  39.929737],
       [116.344521,  39.921539],
       [116.342857,  39.904736],
       [116.336052,  39.897495],
       [116.325928,  39.892677],
       [116.32663 ,  39.88192 ]]), array([[116.321037,  39.905369],
       [116.326935,  39.900043],
       [116.325928,  39.892094],
       [116.343826,  39.889301],
       [116.351067,  39.877678]]), array([[116.350914,  39.871239],
       [116.369049,  39.869804],
       [116.408325,  39.871922],
       [116.413864,  39.863087],
       [116.414536,  39.853256],
       [116.414764,  39.843971]]), array([[116.415154,  39.856808],
       [116.432487,  39.858906],
       [116.437546,  39.85878 ],
       [116.46096 ,  39.868786],
       [116.466644,  39.884396],
       [116.479988,  39.884354],
       [116.490501,  39.882587]]), array([[116.461761,  39.92038 ],
       [116.461632,  39.904243],
       [116.461189,  39.884403],
       [116.460991,  39.874805]]), array([[116.46199 ,  39.871319],
       [116.484581,  39.871223],
       [116.525948,  39.869854],
       [116.5401  ,  39.86927 ]]), array([[116.505127,  39.905796],
       [116.490814,  39.905563],
       [116.477943,  39.908543],
       [116.461845,  39.915314],
       [116.457993,  39.928551]]), array([[116.218163,  39.96373 ],
       [116.222313,  39.991848],
       [116.223106,  39.996403]]), array([[116.374191,  39.769337],
       [116.416962,  39.766556],
       [116.459274,  39.791328],
       [116.489288,  39.81398 ]]), array([[116.530708,  39.852581],
       [116.540161,  39.847782],
       [116.520195,  39.828213],
       [116.497025,  39.816856],
       [116.475288,  39.805691],
       [116.481712,  39.798363],
       [116.488441,  39.789398],
       [116.488228,  39.78241 ]]), array([[116.50264 ,  39.802288],
       [116.493927,  39.813049],
       [116.489075,  39.832169],
       [116.46312 ,  39.856129],
       [116.455887,  39.868191],
       [116.461189,  39.878666],
       [116.461815,  39.908234],
       [116.4618  ,  39.934917],
       [116.467964,  39.956879],
       [116.462784,  39.95681 ]]), array([[116.458183,  39.948814],
       [116.442001,  39.949604],
       [116.433052,  39.949322],
       [116.401169,  39.949074],
       [116.372604,  39.948887],
       [116.370216,  39.946777]]), array([[116.540474,  39.941544],
       [116.543922,  39.911591],
       [116.547989,  39.866116],
       [116.526268,  39.832783],
       [116.506706,  39.817841],
       [116.523476,  39.801044],
       [116.529419,  39.802231]]), array([[116.512634,  39.801376],
       [116.500443,  39.806313],
       [116.507286,  39.820152],
       [116.481873,  39.839008],
       [116.456108,  39.862343],
       [116.461342,  39.886238],
       [116.461861,  39.894779]]), array([[116.444572,  39.874966],
       [116.421585,  39.866131],
       [116.414215,  39.855167],
       [116.415016,  39.838806],
       [116.415154,  39.836727]]), array([[116.398346,  39.791897],
       [116.39016 ,  39.803398],
       [116.372551,  39.808327],
       [116.368591,  39.827869],
       [116.338753,  39.830826],
       [116.298203,  39.830624],
       [116.282951,  39.858444],
       [116.271309,  39.880997],
       [116.253609,  39.886024],
       [116.252876,  39.8895  ]]), array([[116.1996  ,  39.924641],
       [116.211525,  39.918808],
       [116.215584,  39.907391],
       [116.224419,  39.907394]]), array([[116.305763,  39.941559],
       [116.301331,  39.931313],
       [116.301216,  39.928215]]), array([[116.290848,  39.923985],
       [116.310669,  39.92448 ],
       [116.312019,  39.941071],
       [116.325172,  39.938663]]), array([[116.324135,  39.951763],
       [116.321526,  39.966328],
       [116.307617,  39.96632 ],
       [116.307228,  39.969685]]), array([[116.306831,  39.9687  ],
       [116.297798,  39.965267],
       [116.298996,  39.961361]]), array([[116.288254,  39.959473],
       [116.302292,  39.959789],
       [116.315262,  39.964806]]), array([[116.334991,  39.959282],
       [116.346992,  39.955612],
       [116.347908,  39.952602]]), array([[116.350105,  39.923626],
       [116.343987,  39.931465],
       [116.34404 ,  39.929657],
       [116.344093,  39.926498]]), array([[116.322922,  39.896805],
       [116.348412,  39.895515],
       [116.34893 ,  39.872242],
       [116.378799,  39.87056 ],
       [116.409073,  39.872082],
       [116.432419,  39.870968],
       [116.446548,  39.884521],
       [116.455856,  39.884518]]), array([[116.324097,  39.896923],
       [116.310333,  39.901669],
       [116.31028 ,  39.923962],
       [116.310242,  39.945671],
       [116.310455,  39.950993]]), array([[116.304276,  39.924133],
       [116.297096,  39.935429],
       [116.309906,  39.942196],
       [116.306183,  39.947624]]), array([[116.273788,  39.946106],
       [116.274818,  39.92915 ],
       [116.264679,  39.921204],
       [116.264679,  39.91787 ]]), array([[116.27372 ,  39.904495],
       [116.272629,  39.895977],
       [116.27536 ,  39.881874],
       [116.274994,  39.884769]]), array([[116.26799 ,  39.917568],
       [116.273788,  39.912003],
       [116.272842,  39.889694],
       [116.261124,  39.889587]]), array([[116.243813,  39.833717],
       [116.250175,  39.835613],
       [116.256371,  39.841442],
       [116.25708 ,  39.836407],
       [116.264984,  39.83453 ],
       [116.278587,  39.8354  ],
       [116.280029,  39.829399],
       [116.278748,  39.822716],
       [116.285698,  39.824406],
       [116.292542,  39.830479],
       [116.308365,  39.83057 ],
       [116.318466,  39.830536],
       [116.333847,  39.830574],
       [116.356346,  39.830975],
       [116.369064,  39.830929],
       [116.369728,  39.822834],
       [116.380348,  39.823109],
       [116.390488,  39.823364],
       [116.395554,  39.821033],
       [116.395409,  39.820522]]), array([[116.442894,  39.89558 ],
       [116.43927 ,  39.895794],
       [116.436005,  39.900932],
       [116.426994,  39.900681],
       [116.421745,  39.902618],
       [116.427132,  39.907158],
       [116.426682,  39.915089],
       [116.418106,  39.915684],
       [116.406876,  39.915298],
       [116.406639,  39.914398]]), array([[116.275093,  39.916298],
       [116.276405,  39.923771],
       [116.27536 ,  39.930511],
       [116.274467,  39.941525],
       [116.281357,  39.946449],
       [116.294655,  39.94751 ],
       [116.304611,  39.944187],
       [116.310371,  39.942402],
       [116.30941 ,  39.954498],
       [116.313263,  39.964066],
       [116.323906,  39.96714 ],
       [116.334061,  39.967514],
       [116.351624,  39.967655],
       [116.361565,  39.967709],
       [116.371498,  39.96793 ],
       [116.381638,  39.968151],
       [116.396652,  39.968555],
       [116.405937,  39.96859 ]]), array([[116.373909,  40.009895],
       [116.371429,  40.011871],
       [116.37159 ,  40.01017 ]]), array([[116.342949,  40.007656],
       [116.338943,  40.002289],
       [116.339989,  39.998581]]), array([[116.305679,  39.981483],
       [116.303955,  39.975464],
       [116.306648,  39.972031],
       [116.306419,  39.97049 ]]), array([[116.288345,  39.957745],
       [116.293983,  39.95908 ],
       [116.293541,  39.947498],
       [116.307411,  39.943153],
       [116.310196,  39.932461],
       [116.310165,  39.924324],
       [116.310211,  39.9119  ],
       [116.314735,  39.907421],
       [116.321144,  39.899265],
       [116.321098,  39.898411]]), array([[116.32045 ,  39.897327],
       [116.311935,  39.897148],
       [116.310471,  39.904961],
       [116.319878,  39.907444],
       [116.332924,  39.907307],
       [116.343361,  39.907284],
       [116.356567,  39.907127],
       [116.37149 ,  39.907089],
       [116.384758,  39.907116],
       [116.395294,  39.907413],
       [116.405464,  39.907776],
       [116.416092,  39.906136],
       [116.418098,  39.911224],
       [116.420761,  39.915741]]), array([[116.456894,  39.956482],
       [116.448967,  39.961533],
       [116.438362,  39.968468],
       [116.425369,  39.969421],
       [116.413231,  39.969128],
       [116.39994 ,  39.968739],
       [116.384918,  39.968323],
       [116.372696,  39.968029],
       [116.35862 ,  39.96777 ],
       [116.342598,  39.967724],
       [116.331139,  39.967476],
       [116.318634,  39.966175],
       [116.309196,  39.95575 ],
       [116.309982,  39.944286],
       [116.310097,  39.934422],
       [116.310234,  39.911945],
       [116.310257,  39.90345 ],
       [116.310242,  39.897644],
       [116.310471,  39.883862],
       [116.312897,  39.887455],
       [116.311119,  39.879044],
       [116.312088,  39.869999],
       [116.316727,  39.858047],
       [116.322807,  39.851639],
       [116.337524,  39.848915],
       [116.350868,  39.851036],
       [116.361954,  39.854103],
       [116.37455 ,  39.857063],
       [116.393692,  39.857018],
       [116.403076,  39.857033],
       [116.417847,  39.857101],
       [116.425522,  39.858059],
       [116.433044,  39.858646],
       [116.446228,  39.858883],
       [116.454956,  39.862946],
       [116.461006,  39.870029],
       [116.461197,  39.879963],
       [116.461487,  39.895245],
       [116.461868,  39.90287 ],
       [116.462097,  39.912933],
       [116.460693,  39.913414],
       [116.461311,  39.909237]]), array([[116.442947,  39.895367],
       [116.442749,  39.898827],
       [116.43615 ,  39.904655],
       [116.435593,  39.911358],
       [116.434601,  39.92342 ],
       [116.434174,  39.931774],
       [116.433868,  39.939205],
       [116.433777,  39.946053],
       [116.422745,  39.94952 ],
       [116.410957,  39.949127],
       [116.39856 ,  39.949032],
       [116.378922,  39.948883],
       [116.367264,  39.947262],
       [116.357422,  39.944336],
       [116.355217,  39.937733],
       [116.353165,  39.935688]]), array([[116.276176,  39.914288],
       [116.273857,  39.912865],
       [116.273674,  39.903534],
       [116.264694,  39.9039  ],
       [116.26403 ,  39.903843]]), array([[116.273712,  39.893723],
       [116.276093,  39.880486],
       [116.280952,  39.869816],
       [116.2883  ,  39.86554 ],
       [116.290054,  39.86665 ],
       [116.293053,  39.865871],
       [116.301567,  39.866451],
       [116.308945,  39.863888],
       [116.312988,  39.85804 ],
       [116.302849,  39.857979],
       [116.30024 ,  39.858017]]), array([[116.294197,  39.863781],
       [116.287949,  39.86581 ],
       [116.280258,  39.871197],
       [116.276161,  39.880753],
       [116.274605,  39.896873],
       [116.267448,  39.900288],
       [116.264587,  39.895432],
       [116.26786 ,  39.889492],
       [116.274704,  39.884274],
       [116.277893,  39.87553 ],
       [116.282127,  39.867851],
       [116.294174,  39.866028],
       [116.306152,  39.86694 ],
       [116.316101,  39.867573],
       [116.327873,  39.868031],
       [116.342789,  39.868046],
       [116.357605,  39.868256],
       [116.364258,  39.871025],
       [116.364227,  39.871483]]), array([[116.273994,  39.936714],
       [116.275047,  39.928501],
       [116.276978,  39.924149],
       [116.287964,  39.924026],
       [116.295975,  39.918797],
       [116.302124,  39.914894],
       [116.301933,  39.907661],
       [116.300766,  39.907722]]), array([[116.276161,  39.870762],
       [116.281754,  39.868496],
       [116.293747,  39.866062],
       [116.313675,  39.867466],
       [116.321175,  39.872772],
       [116.321236,  39.879681],
       [116.324257,  39.884212],
       [116.321457,  39.884502]]), array([[116.304886,  39.882412],
       [116.292198,  39.879169],
       [116.277336,  39.874916],
       [116.268288,  39.870514],
       [116.256943,  39.865467],
       [116.250351,  39.862823],
       [116.240875,  39.858864],
       [116.233932,  39.850342],
       [116.218979,  39.844208],
       [116.211357,  39.842186],
       [116.211868,  39.834152],
       [116.212852,  39.82748 ],
       [116.212318,  39.818455],
       [116.207664,  39.812965],
       [116.208572,  39.810585]]), array([[116.395485,  39.856949],
       [116.386726,  39.857166],
       [116.377701,  39.860531]]), array([[116.412621,  39.865257],
       [116.437126,  39.870708],
       [116.452766,  39.876255],
       [116.467743,  39.879406]]), array([[116.399719,  39.867863],
       [116.42083 ,  39.871181],
       [116.44342 ,  39.871189],
       [116.450638,  39.871498]]), array([[116.446213,  39.880535],
       [116.43502 ,  39.884338],
       [116.420151,  39.88599 ],
       [116.403893,  39.887791],
       [116.398376,  39.880974],
       [116.395767,  39.880901]]), array([[116.355507,  39.942253],
       [116.356186,  39.949997],
       [116.355049,  39.959263],
       [116.354675,  39.966541],
       [116.354294,  39.97443 ],
       [116.353821,  39.983654],
       [116.360855,  39.9869  ],
       [116.372269,  39.987217],
       [116.381126,  39.987366],
       [116.390404,  39.987759],
       [116.403496,  39.988071],
       [116.405487,  39.988693],
       [116.389885,  39.98819 ],
       [116.381126,  39.989037],
       [116.381149,  39.988949]]), array([[116.369698,  39.976402],
       [116.370033,  39.970398],
       [116.377357,  39.968079],
       [116.396942,  39.96859 ],
       [116.406967,  39.96888 ],
       [116.414337,  39.969032],
       [116.424316,  39.96928 ],
       [116.432137,  39.969482],
       [116.439209,  39.967808],
       [116.447372,  39.962429],
       [116.453728,  39.958145],
       [116.461464,  39.952305],
       [116.461693,  39.945992],
       [116.4617  ,  39.939651],
       [116.461678,  39.933575],
       [116.46125 ,  39.923851],
       [116.469116,  39.916515],
       [116.480354,  39.915462],
       [116.49041 ,  39.915455],
       [116.502083,  39.915611],
       [116.498047,  39.915871],
       [116.488388,  39.91555 ],
       [116.478317,  39.915756],
       [116.46891 ,  39.916836],
       [116.459793,  39.919895],
       [116.453934,  39.91782 ],
       [116.457024,  39.920368],
       [116.462166,  39.922554],
       [116.461922,  39.930527],
       [116.456367,  39.933846],
       [116.455452,  39.937088],
       [116.460922,  39.941315],
       [116.468414,  39.944149],
       [116.469055,  39.944294]]), array([[116.468567,  39.944431],
       [116.462006,  39.945538],
       [116.46154 ,  39.940319],
       [116.461586,  39.928806],
       [116.461548,  39.922295],
       [116.461693,  39.915821],
       [116.461647,  39.906857],
       [116.461464,  39.897713],
       [116.461761,  39.895916],
       [116.462044,  39.903996]]), array([[116.417259,  39.959435],
       [116.407944,  39.958813],
       [116.407913,  39.949654],
       [116.415344,  39.949196],
       [116.425011,  39.949535],
       [116.437462,  39.949455],
       [116.44854 ,  39.95237 ],
       [116.453964,  39.957314],
       [116.460625,  39.963299],
       [116.466621,  39.968666],
       [116.472847,  39.974255],
       [116.480705,  39.981277],
       [116.486588,  39.986622],
       [116.49501 ,  39.994221],
       [116.503189,  40.001686],
       [116.509277,  40.007164]]), array([[116.370033,  39.976234],
       [116.369446,  39.986538],
       [116.357025,  39.98727 ],
       [116.347244,  39.986946],
       [116.336647,  39.986568],
       [116.332748,  39.994678],
       [116.33062 ,  39.995495]]), array([[116.340004,  39.996849],
       [116.332809,  39.991745],
       [116.323158,  39.985939],
       [116.316269,  39.983398],
       [116.311035,  39.981335],
       [116.313545,  39.98518 ]]), array([[116.338409,  39.992878],
       [116.351646,  39.993294],
       [116.353058,  39.989239]]), array([[116.339371,  39.992832],
       [116.34417 ,  39.986168],
       [116.35363 ,  39.987999],
       [116.353477,  39.989201]]), array([[116.350197,  40.001102],
       [116.338165,  40.000526],
       [116.33271 ,  39.994244]]), array([[116.338936,  39.992886],
       [116.340752,  39.986061],
       [116.353424,  39.986324],
       [116.353859,  39.977196],
       [116.353218,  39.970444],
       [116.354637,  39.958225],
       [116.3554  ,  39.94191 ],
       [116.355812,  39.931507],
       [116.356705,  39.915203],
       [116.36319 ,  39.899158],
       [116.363487,  39.89188 ],
       [116.36351 ,  39.887886]]), array([[116.363441,  39.908722],
       [116.360695,  39.914024],
       [116.356331,  39.910393],
       [116.356163,  39.899185],
       [116.348709,  39.891132],
       [116.349213,  39.877197],
       [116.358986,  39.868435],
       [116.370811,  39.86993 ],
       [116.385971,  39.870529],
       [116.386856,  39.862095],
       [116.386871,  39.85313 ],
       [116.386398,  39.845509],
       [116.386627,  39.841625],
       [116.386879,  39.848972],
       [116.386955,  39.852203]]), array([[116.374428,  39.867233],
       [116.381783,  39.870739],
       [116.398758,  39.871639],
       [116.421707,  39.871216],
       [116.436768,  39.870705],
       [116.450455,  39.871433],
       [116.460587,  39.871296],
       [116.459938,  39.865097],
       [116.463829,  39.862961]]), array([[116.461281,  39.941364],
       [116.448982,  39.941265],
       [116.439926,  39.941208],
       [116.433968,  39.943504],
       [116.429245,  39.949829]]), array([[116.339493,  39.992821],
       [116.333351,  39.992783],
       [116.326126,  39.989471],
       [116.332245,  39.992695],
       [116.336327,  39.99276 ]]), array([[116.349922,  39.986553],
       [116.353821,  39.976959],
       [116.353958,  39.982876]]), array([[116.34021 ,  39.993561],
       [116.340584,  40.005779],
       [116.344627,  40.013538],
       [116.352165,  40.011917],
       [116.352226,  40.010891]]), array([[116.337265,  39.992836],
       [116.339958,  40.000031],
       [116.34111 ,  40.006813],
       [116.348793,  40.006481]]), array([[116.409027,  39.92448 ],
       [116.386421,  39.922562],
       [116.374237,  39.914783],
       [116.360565,  39.913982],
       [116.348671,  39.913979]]), array([[116.237778,  39.903759],
       [116.25322 ,  39.907299],
       [116.269272,  39.907444]]), array([[116.374413,  39.890759],
       [116.374329,  39.872787],
       [116.3899  ,  39.871246]]), array([[116.342148,  39.900391],
       [116.348663,  39.891315],
       [116.346237,  39.849373],
       [116.349716,  39.850571]]), array([[116.201462,  39.800289],
       [116.212044,  39.834076],
       [116.228714,  39.847427],
       [116.253677,  39.864071],
       [116.277092,  39.878834],
       [116.274391,  39.887722],
       [116.277618,  39.896832],
       [116.295425,  39.896946],
       [116.298927,  39.896973]]), array([[116.310028,  39.891094],
       [116.294319,  39.879578],
       [116.282898,  39.86018 ],
       [116.286255,  39.83844 ],
       [116.272919,  39.834984],
       [116.270821,  39.8265  ]]), array([[116.281601,  39.869747],
       [116.29081 ,  39.865734],
       [116.293221,  39.865917]]), array([[116.281265,  39.870136],
       [116.27478 ,  39.885406],
       [116.280235,  39.889477],
       [116.295135,  39.893433],
       [116.297607,  39.896839]]), array([[116.546532,  39.923706],
       [116.534248,  39.923695],
       [116.520798,  39.919964],
       [116.522102,  39.912148],
       [116.515213,  39.908047],
       [116.502258,  39.908104],
       [116.488945,  39.908253],
       [116.480194,  39.908321],
       [116.470055,  39.908394],
       [116.453827,  39.908516],
       [116.431747,  39.908588],
       [116.422226,  39.908421],
       [116.4067  ,  39.908054],
       [116.403008,  39.914536],
       [116.402672,  39.921803],
       [116.402573,  39.923141]]), array([[116.393806,  39.948692],
       [116.380348,  39.949646],
       [116.379524,  39.957764]]), array([[116.307472,  39.9431  ],
       [116.31012 ,  39.946041],
       [116.309067,  39.957676],
       [116.336533,  39.967567],
       [116.350815,  39.967659],
       [116.381386,  39.97625 ],
       [116.374817,  39.995445],
       [116.368752,  40.003437],
       [116.363091,  40.011333],
       [116.356651,  40.023472],
       [116.352882,  40.025276]]), array([[116.330978,  39.992855],
       [116.316261,  39.992188],
       [116.316223,  39.98481 ],
       [116.316452,  39.981075]]), array([[116.313774,  40.024506],
       [116.317902,  40.015148],
       [116.319168,  40.007744],
       [116.329453,  40.013206],
       [116.336937,  40.005245],
       [116.337349,  39.996952],
       [116.340637,  39.987503],
       [116.348915,  39.986645],
       [116.367851,  39.987267],
       [116.375015,  39.987473]]), array([[116.377472,  39.987549],
       [116.399658,  39.988174],
       [116.421577,  39.988838],
       [116.434288,  39.989235],
       [116.453056,  39.982082],
       [116.460922,  39.976845],
       [116.476349,  39.978516],
       [116.483627,  39.976471],
       [116.490013,  39.973801],
       [116.48983 ,  39.975513],
       [116.49501 ,  39.971889],
       [116.499466,  39.980179],
       [116.50174 ,  39.971863],
       [116.490303,  39.972157],
       [116.482414,  39.977463]]), array([[116.472809,  39.983727],
       [116.46273 ,  39.976067],
       [116.440788,  39.98896 ],
       [116.43161 ,  39.977398],
       [116.424606,  39.975296],
       [116.422401,  39.96954 ]])]
